Position,Red,Green,Blue,Lux,Temperature
1,137.31,58.85,58.85,0,3023
1,127.50,54.64,54.64,0,3023
1,137.31,58.85,58.85,0,3023
1,148.75,63.75,63.75,0,3023
1,153.00,51.00,51.00,0,2661
1,141.67,56.67,56.67,0,2915
2,137.31,58.85,58.85,0,3023
2,145.71,54.64,54.64,0,2819
2,137.31,58.85,58.85,0,3023
2,137.31,58.85,58.85,0,3023
2,139.09,46.36,46.36,0,2661
2,170.00,56.67,56.67,0,2661
3,145.71,54.64,54.64,0,2819
3,143.44,47.81,47.81,0,2661
3,153.00,51.00,51.00,0,2661
3,153.00,51.00,51.00,0,2661
3,156.92,58.85,58.85,0,2819
3,162.27,46.36,46.36,0,2479
4,143.44,47.81,47.81,0,2661
4,143.44,47.81,47.81,0,2661
4,141.67,56.67,56.67,0,2915
4,141.67,56.67,56.67,0,2915
4,159.38,47.81,47.81,0,2534
4,156.92,58.85,58.85,0,2819
5,159.38,47.81,47.81,0,2534
5,153.00,51.00,51.00,0,2661
5,145.71,60.71,60.71,0,2978
5,140.25,51.00,51.00,0,2776
5,159.38,47.81,47.81,0,2534
5,163.93,54.64,54.64,0,2661
6,153.00,51.00,51.00,0,2661
6,159.38,47.81,47.81,0,2534
6,170.00,42.50,42.50,-1,2343
6,180.00,45.00,45.00,-1,2343
6,170.00,34.00,51.00,-2,2534
6,176.54,39.23,39.23,-1,2237
7,185.45,46.36,46.36,0,2343
7,156.92,39.23,39.23,0,2343
7,185.45,46.36,46.36,0,2343
7,196.15,39.23,39.23,-1,2153
7,191.25,42.50,42.50,-1,2237
7,178.50,51.00,51.00,0,2479
8,162.27,46.36,46.36,0,2479
8,191.25,31.88,31.88,-1,2026
8,198.33,28.33,28.33,-1,1935
8,204.00,25.50,25.50,-1,1867
8,178.50,25.50,51.00,-2,2479
8,191.25,31.88,31.88,-1,2661
9,127.50,57.95,57.95,0,3122
9,133.57,60.71,60.71,0,3122
9,140.25,63.75,63.75,0,3122
9,150.00,60.00,60.00,0,2915
9,145.71,54.64,54.64,0,2819
9,148.75,63.75,63.75,0,3023
10,133.04,55.43,66.52,0,3296
10,133.04,66.52,55.43,1,2978
10,140.25,63.75,63.75,0,3122
10,150.00,60.00,60.00,0,2915
10,145.71,54.64,54.64,0,2819
10,148.75,63.75,63.75,0,3023
11,138.13,63.75,63.75,0,3149
11,127.50,63.75,53.13,1,2978
11,139.09,57.95,57.95,0,2978
11,147.63,53.68,53.68,0,2776
11,153.00,51.00,51.00,0,2661
11,170.00,63.75,63.75,0,2479
12,137.31,58.85,58.85,0,3023
12,142.80,61.20,51.00,1,2751
12,138.13,53.13,53.13,0,2856
12,150.68,57.95,46.36,0,2563
12,150.00,45.00,60.00,-1,2915
12,145.71,54.64,54.64,0,2819
13,145.71,54.64,54.64,0,2819
13,147.12,58.85,49.04,0,2661
13,144.50,59.50,51.00,1,2735
13,145.71,54.64,54.64,0,2819
13,150.68,46.36,57.95,-1,2856
13,141.67,56.67,56.67,0,2915
14,147.12,58.85,49.04,0,2661
14,149.48,52.76,52.76,0,2735
14,133.88,57.38,57.38,0,3023
14,157.50,52.50,52.50,0,2661
14,166.73,49.04,49.04,-1,2511
14,145.71,60.71,48.57,1,2661
15,180.00,45.00,45.00,-1,2343
15,151.11,56.67,47.22,0,2581
15,183.60,40.80,40.80,-2,2237
15,204.00,30.60,40.80,-4,1992
15,177.39,44.35,44.35,-1,2343
15,159.38,47.81,47.81,0,2534
16,204.00,34.00,34.00,-2,2026
16,187.00,34.00,34.00,-1,2083
16,195.00,30.00,30.00,-2,1977
16,206.43,24.29,36.43,-4,2063
16,191.25,31.88,47.81,-2,2343
16,178.50,51.00,51.00,0,2479
17,138.43,58.29,58.29,0,2995
17,138.43,58.29,51.00,1,2724
17,151.41,55.78,55.78,0,2794
17,149.48,52.76,52.76,0,2735
17,150.68,46.36,57.95,-1,2856
17,150.00,60.00,60.00,0,2915
18,134.21,60.39,60.39,1,3105
18,137.31,58.85,58.85,0,3023
18,144.73,55.14,55.14,0,2842
18,153.00,51.00,51.00,0,2661
18,155.22,55.43,55.43,0,2563
18,155.83,56.67,56.67,0,2534
19,130.61,62.20,62.20,1,3205
19,133.30,57.95,57.95,0,3047
19,140.25,57.38,57.38,0,2949
19,156.29,49.35,49.35,-1,2594
19,155.22,55.43,55.43,0,2751
19,165.00,60.00,60.00,0,2776
20,127.50,66.52,66.52,2,3378
20,133.04,60.98,55.43,2,2978
20,136.83,55.98,55.98,0,2949
20,146.82,54.09,54.09,0,2794
20,155.22,55.43,55.43,0,2751
20,155.83,56.67,56.67,0,2776
21,121.02,64.83,64.83,3,3432
21,135.00,60.00,60.00,1,3084
21,138.13,58.44,53.13,1,2856
21,151.62,55.14,48.24,0,2603
21,156.92,49.04,49.04,0,2581
21,150.68,57.95,57.95,0,2856
22,121.43,64.76,60.71,4,3296
22,140.69,57.16,57.16,0,2938
22,140.43,59.13,51.74,2,2794
22,156.92,49.04,49.04,-1,2581
22,153.00,51.00,51.00,0,2716
22,131.61,65.81,57.58,2,3057
23,130.10,62.45,52.04,3,2915
23,144.13,59.13,51.74,2,2758
23,145.32,54.84,52.10,0,2756
23,172.50,41.25,45.00,-6,2384
23,146.49,54.26,54.26,0,2802
23,127.50,68.65,58.85,2,3149
24,207.19,31.88,31.88,-2,1977
24,153.00,56.10,45.90,1,2534
24,215.33,22.67,28.33,-10,1792
24,195.00,30.00,35.00,-8,2074
24,159.38,42.50,42.50,-1,2407
24,148.75,63.75,63.75,0,3023
25,152.02,49.04,53.94,-2,2742
25,148.36,51.00,51.00,-1,2700
25,152.02,49.04,49.04,-1,2620
25,162.27,46.36,46.36,-2,2479
25,170.00,42.50,51.00,-2,2534
25,166.30,44.35,55.43,-2,2661
26,140.69,57.16,57.16,0,2938
26,150.68,54.09,50.23,0,2661
26,156.29,49.35,49.35,-2,2594
26,165.00,45.00,45.00,-3,2430
26,165.00,45.00,52.50,-2,2603
26,163.20,51.00,51.00,0,2581
27,135.23,57.95,57.95,1,3023
27,148.75,54.64,51.61,0,2712
27,157.70,50.33,50.33,-2,2606
27,167.07,43.97,43.97,-3,2420
27,165.41,48.24,48.24,-1,2502
27,160.56,47.22,56.67,-2,2735
28,132.60,57.80,61.20,0,3149
28,146.05,53.32,53.32,-1,2760
28,158.72,46.84,46.84,-4,2515
28,168.69,43.15,43.15,-4,2365
28,165.75,44.63,51.00,-2,2610
28,158.28,52.76,52.76,0,2661
29,123.20,63.03,63.03,4,3340
29,139.90,56.67,54.90,2,2886
29,161.75,45.67,45.67,-7,2454
29,173.40,40.80,44.20,-7,2362
29,160.12,47.44,47.44,-1,2519
29,148.06,57.58,57.58,0,2959
30,115.42,69.79,64.42,9,3517
30,134.45,60.27,58.73,5,3055
30,169.06,42.27,43.67,-14,2367
30,172.05,39.94,43.01,-7,2343
30,148.75,53.13,53.13,0,2751
30,120.00,67.50,60.00,2,3534
31,103.38,75.81,62.03,17,3677
31,95.73,76.59,72.24,43,4231
31,135.07,58.22,53.56,7,2901
31,126.45,61.12,56.90,6,3105
31,105.00,71.25,63.75,8,3704
31,98.08,78.46,68.65,3,3815
32,127.50,0.00,127.50,-1,5201
32,151.18,52.82,43.71,1,2492
32,171.59,42.10,40.51,-25,2294
32,146.12,54.44,48.71,0,2661
32,170.00,34.00,51.00,-2,2534
32,204.00,51.00,51.00,0,2343
33,144.34,57.74,57.74,0,2915
33,141.16,54.64,54.64,0,2865
33,146.39,56.67,51.94,0,2742
33,149.67,49.89,49.89,-1,2661
33,153.00,51.00,51.00,-1,2594
33,162.27,46.36,57.95,-1,2751
34,131.61,61.69,61.69,2,3176
34,136.48,57.46,53.87,1,2894
34,142.50,56.25,52.50,1,2794
34,151.11,51.94,51.94,-1,2700
34,157.50,52.50,52.50,0,2661
34,159.38,53.13,53.13,0,2661
35,124.14,63.75,63.75,4,3347
35,136.89,59.05,56.37,3,2991
35,141.36,55.43,52.66,1,2810
35,151.41,51.80,51.80,-1,2694
35,156.92,52.31,52.31,-1,2661
35,149.48,52.76,52.76,0,2735
36,116.41,66.52,66.52,6,3568
36,132.37,60.34,58.40,4,3071
36,138.54,56.22,54.21,2,2881
36,153.65,49.04,52.31,-3,2688
36,148.75,53.13,53.13,0,2751
36,142.50,60.00,60.00,0,2995
37,103.59,71.72,71.72,13,4028
37,112.50,70.50,66.00,17,3596
37,136.66,57.76,54.94,4,2922
37,153.50,49.51,51.99,-3,2681
37,143.44,55.78,59.77,0,2978
37,116.41,66.52,66.52,3,3568
38,89.70,78.17,75.60,31,4602
38,98.59,75.84,72.99,36,4211
38,134.21,56.78,56.78,4,3002
38,149.31,50.33,53.68,-4,2760
38,115.16,65.81,65.81,6,3568
38,102.89,76.05,71.58,7,4161
39,94.55,83.09,63.03,18,3931
39,78.98,82.99,78.98,69,5201
39,149.63,47.42,49.52,-9,2652
39,160.60,44.13,45.36,-12,2467
39,110.50,68.00,63.75,5,3589
39,104.32,69.55,69.55,2,3931
40,0.00,0.00,0.00,0,0
40,36.43,72.86,72.86,1,9011
40,85.00,85.00,72.86,4,4656
40,232.58,11.21,19.62,-25,1669
40,255.00,0.00,0.00,0,1391
40,0.00,0.00,0.00,0,0
41,150.00,50.00,55.00,-2,2788
41,144.34,52.92,52.92,0,2788
41,147.90,51.00,51.00,0,2704
41,149.27,49.76,49.76,-1,2661
41,154.82,45.54,54.64,-2,2661
41,157.86,48.57,60.71,-1,2856
42,142.13,54.34,58.52,-1,2915
42,150.85,50.28,50.28,-1,2661
42,155.22,48.04,48.04,-2,2570
42,165.28,47.22,47.22,-2,2479
42,167.57,43.71,51.00,-3,2550
42,163.20,51.00,51.00,0,2581
43,136.23,55.89,59.38,0,3051
43,148.06,52.10,49.35,0,2661
43,156.48,46.36,46.36,-3,2519
43,167.34,43.83,43.83,-4,2388
43,163.46,45.77,52.31,-2,2610
43,154.82,45.54,54.64,-2,2735
44,135.18,58.37,61.45,1,3122
44,148.06,51.41,51.41,-2,2713
44,159.10,45.77,45.77,-5,2487
44,168.85,41.35,44.80,-6,2401
44,160.12,47.44,53.37,-2,2661
44,148.06,57.58,57.58,0,2872
45,122.07,62.39,65.11,4,3469
45,144.20,54.64,51.61,0,2740
45,164.91,42.75,42.75,-12,2414
45,173.04,39.46,42.50,-8,2326
45,153.00,51.00,51.00,-1,2661
45,139.09,61.82,61.82,0,3084
46,111.09,70.69,65.64,10,3642
46,139.42,57.20,53.62,4,2856
46,178.19,36.87,38.92,-27,2218
46,170.97,40.57,43.47,-8,2343
46,138.59,55.43,55.43,0,2915
46,116.57,65.57,58.29,3,3296
47,105.43,78.46,63.75,17,3694
47,101.67,73.79,69.69,39,4002
47,180.54,34.68,37.23,-61,2172
47,130.56,59.16,55.08,5,2998
47,103.59,75.70,63.75,9,3735
47,87.93,79.14,70.34,5,4439
48,255.00,0.00,0.00,0,1391
48,127.50,57.95,52.16,2,2949
48,136.77,59.67,50.41,35,2802
48,179.19,34.46,41.35,-4,2270
48,170.00,42.50,42.50,0,2343
48,255.00,127.50,127.50,0,1391
49,144.73,55.14,55.14,0,2842
49,146.63,51.00,51.00,0,2716
49,151.62,48.24,48.24,-1,2603
49,159.38,47.81,47.81,-1,2534
49,155.22,44.35,55.43,-2,2661
49,155.83,56.67,56.67,0,2776
50,139.64,54.64,60.71,0,3047
50,141.67,56.67,51.00,1,2762
50,149.27,49.76,49.76,-1,2661
50,157.50,45.00,45.00,-1,2479
50,153.00,51.00,51.00,0,2661
50,155.83,56.67,56.67,0,2776
51,133.04,60.98,60.98,1,3137
51,140.00,55.00,55.00,0,2887
51,146.49,54.26,48.83,0,2661
51,160.29,51.00,51.00,-1,2603
51,163.20,51.00,51.00,0,2661
51,147.63,53.68,53.68,0,2661
52,135.00,60.00,65.00,0,3225
52,139.53,57.74,52.92,1,2836
52,148.75,53.13,53.13,0,2751
52,158.51,48.24,48.24,-1,2550
52,153.00,51.00,51.00,0,2661
52,153.00,51.00,51.00,0,2661
53,115.16,65.81,65.81,4,3568
53,132.22,61.39,56.67,2,3023
53,146.39,51.94,51.94,0,2742
53,149.27,55.98,49.76,0,2661
53,151.11,47.22,56.67,-1,2819
53,148.75,53.13,53.13,0,2751
54,117.16,68.92,65.47,6,3520
54,136.74,59.13,55.43,2,2935
54,142.68,54.64,51.61,0,2769
54,157.64,51.00,51.00,-1,2623
54,144.73,55.14,55.14,0,2842
54,131.61,65.81,57.58,2,3057
55,125.18,69.55,55.64,6,3084
55,130.40,63.75,55.06,6,2999
55,146.53,53.28,51.38,0,2726
55,163.08,47.44,47.44,-4,2499
55,132.40,63.75,53.94,3,2943
55,115.16,65.81,57.58,2,3296
56,196.15,39.23,39.23,-1,2153
56,150.68,57.95,46.36,0,2563
56,213.04,19.37,29.05,-18,1859
56,189.32,34.77,38.64,-9,2105
56,153.00,51.00,51.00,0,2661
56,148.75,63.75,42.50,0,2479
57,133.04,55.43,66.52,0,3296
57,139.09,57.95,57.95,0,2978
57,133.57,60.71,60.71,0,3122
57,141.67,56.67,56.67,0,2915
57,136.00,51.00,51.00,0,2819
57,148.75,63.75,63.75,0,3023
58,132.60,61.20,61.20,0,3149
58,133.04,55.43,55.43,0,2978
58,139.09,57.95,57.95,0,2978
58,141.67,56.67,56.67,0,2915
58,153.00,51.00,51.00,0,2661
58,148.75,63.75,63.75,0,3023
59,141.67,56.67,66.11,0,3169
59,132.60,61.20,51.00,1,2856
59,138.13,53.13,53.13,0,2856
59,140.25,51.00,51.00,0,2776
59,143.44,63.75,63.75,0,3084
59,156.92,58.85,58.85,0,2819
60,127.50,59.50,59.50,1,3169
60,137.31,58.85,58.85,0,3023
60,141.67,56.67,56.67,0,2915
60,142.80,61.20,51.00,1,2751
60,141.67,56.67,56.67,0,2776
60,153.00,51.00,51.00,0,2661
61,144.13,55.43,55.43,0,2856
61,145.71,48.57,48.57,0,2661
61,159.38,53.13,53.13,0,2661
61,155.22,55.43,44.35,0,2479
61,165.00,45.00,45.00,-1,2430
61,170.00,51.00,51.00,0,2534
62,150.68,57.95,57.95,0,2856
62,153.00,51.00,51.00,0,2661
62,150.00,52.50,52.50,0,2724
62,162.27,54.09,46.36,0,2479
62,166.30,44.35,44.35,-1,2407
62,170.00,56.67,56.67,0,2430
63,180.00,45.00,45.00,-1,2343
63,156.92,49.04,49.04,0,2581
63,193.45,35.17,35.17,-3,2083
63,198.33,28.33,37.78,-5,2116
63,177.39,33.26,44.35,-3,2343
63,175.31,47.81,47.81,-1,2430
64,212.50,21.25,42.50,-3,2153
64,187.00,34.00,34.00,-1,2083
64,212.50,28.33,28.33,-3,1899
64,208.64,23.18,34.77,-4,2026
64,182.14,36.43,36.43,-1,2153
64,170.00,56.67,56.67,0,2661
65,136.00,68.00,68.00,0,3296
65,127.50,72.86,54.64,1,3023
65,127.50,72.86,54.64,1,3023
65,127.50,63.75,63.75,0,3296
65,153.00,51.00,51.00,0,2661
65,141.67,56.67,56.67,0,2915
66,136.00,68.00,68.00,0,3296
66,136.00,68.00,51.00,1,2819
66,136.00,68.00,51.00,1,2819
66,127.50,54.64,54.64,0,3023
66,127.50,63.75,63.75,0,3296
66,153.00,51.00,51.00,0,2661
67,143.44,63.75,63.75,0,3084
67,135.00,60.00,60.00,0,3084
67,143.44,63.75,63.75,0,3084
67,143.44,63.75,63.75,0,3084
67,137.31,58.85,58.85,0,2819
67,139.09,46.36,69.55,0,3296
68,150.00,60.00,60.00,0,2915
68,143.44,63.75,47.81,1,2661
68,135.00,60.00,60.00,0,3084
68,150.00,60.00,60.00,0,2915
68,153.00,51.00,51.00,0,2661
68,148.75,63.75,63.75,0,3023
69,147.63,53.68,53.68,0,2776
69,147.63,53.68,53.68,0,2776
69,144.13,55.43,55.43,0,2856
69,148.75,53.13,53.13,0,2751
69,153.00,51.00,51.00,0,2661
69,153.00,51.00,51.00,0,2534
70,159.38,47.81,47.81,0,2534
70,141.67,56.67,42.50,0,2534
70,174.47,53.68,53.68,0,2343
70,165.75,38.25,38.25,-1,2270
70,175.31,47.81,47.81,-1,2430
70,163.93,54.64,54.64,0,2237
71,185.45,46.36,46.36,0,2343
71,163.93,54.64,36.43,0,2237
71,200.36,36.43,36.43,-1,2083
71,200.36,36.43,36.43,-1,2083
71,182.14,36.43,36.43,-1,2153
71,170.00,42.50,42.50,0,2343
72,178.50,51.00,51.00,0,2479
72,170.00,56.67,28.33,0,2026
72,198.33,28.33,28.33,-1,1935
72,208.64,23.18,46.36,-2,2237
72,204.00,25.50,51.00,-2,2343
72,191.25,31.88,63.75,-1,2661
