Position,Red,Green,Blue,Lux,Temperature
1,115.91,69.55,69.55,0,3677
1,115.91,69.55,69.55,0,3677
1,92.73,69.55,69.55,1,4248
1,113.33,85.00,56.67,1,3296
1,95.63,63.75,63.75,0,3931
1,109.29,72.86,72.86,0,3931
2,127.50,76.50,76.50,0,3677
2,106.25,63.75,63.75,0,3677
2,115.91,69.55,69.55,0,3677
2,127.50,76.50,76.50,0,3677
2,127.50,63.75,63.75,0,3296
2,109.29,72.86,72.86,0,3931
3,115.91,69.55,69.55,0,3677
3,127.50,63.75,63.75,0,3296
3,106.25,63.75,63.75,0,3677
3,106.25,63.75,63.75,0,3677
3,141.67,56.67,56.67,0,3296
3,127.50,63.75,63.75,0,3296
4,117.69,58.85,58.85,0,3296
4,117.69,58.85,58.85,0,3296
4,127.50,72.86,54.64,1,3023
4,127.50,72.86,54.64,1,3023
4,139.09,69.55,69.55,0,3296
4,127.50,51.00,51.00,0,2915
5,137.31,58.85,58.85,0,3023
5,127.50,63.75,63.75,0,3296
5,120.00,75.00,60.00,2,3296
5,119.00,68.00,68.00,1,3568
5,127.50,63.75,63.75,0,3296
5,127.50,76.50,76.50,0,3677
6,127.50,63.75,63.75,0,3296
6,117.69,58.85,58.85,0,3296
6,127.50,54.64,54.64,0,3023
6,148.75,63.75,42.50,0,2479
6,153.00,51.00,51.00,0,2661
6,141.67,56.67,56.67,0,2915
7,159.38,31.88,63.75,-1,2915
7,127.50,51.00,51.00,0,2915
7,159.38,63.75,31.88,0,2153
7,191.25,31.88,31.88,-1,2026
7,141.67,56.67,56.67,0,2915
7,127.50,63.75,63.75,0,3296
8,141.67,56.67,56.67,0,2915
8,170.00,42.50,42.50,0,2343
8,170.00,42.50,42.50,0,2343
8,182.14,36.43,36.43,0,2153
8,182.14,36.43,36.43,0,2153
8,170.00,42.50,42.50,0,2343
9,99.17,70.83,70.83,1,4112
9,105.00,75.00,60.00,2,3568
9,95.63,79.69,63.75,3,3931
9,106.25,85.00,63.75,2,3677
9,102.00,76.50,76.50,1,4248
9,113.33,85.00,56.67,1,3296
10,107.37,67.11,67.11,1,3772
10,99.17,70.83,70.83,1,4112
10,111.56,79.69,63.75,2,3568
10,117.69,78.46,58.85,2,3296
10,127.50,76.50,76.50,0,3677
10,113.33,56.67,56.67,0,3296
11,107.37,67.11,67.11,1,3772
11,107.37,67.11,67.11,1,3772
11,111.56,79.69,63.75,2,3568
11,109.29,72.86,72.86,1,3931
11,115.91,69.55,69.55,0,3677
11,113.33,56.67,56.67,0,3296
12,109.29,72.86,72.86,2,3931
12,114.75,76.50,63.75,2,3507
12,120.79,67.11,67.11,1,3507
12,120.00,75.00,60.00,2,3296
12,117.69,58.85,58.85,0,3296
12,139.09,69.55,69.55,0,3296
13,110.87,66.52,66.52,1,3677
13,127.50,63.75,63.75,0,3296
13,116.88,74.38,63.75,3,3469
13,121.43,72.86,60.71,2,3296
13,127.50,63.75,63.75,0,3296
13,127.50,72.86,72.86,1,3568
14,133.57,60.71,60.71,0,3296
14,121.96,66.52,55.43,2,3122
14,115.91,69.55,61.82,3,3423
14,122.40,61.20,61.20,1,3296
14,127.50,56.67,56.67,0,3084
14,136.00,68.00,68.00,0,3296
15,148.75,63.75,63.75,0,3023
15,133.57,60.71,48.57,1,2776
15,153.00,51.00,51.00,0,2661
15,175.31,47.81,47.81,-1,2430
15,153.00,51.00,51.00,0,2661
15,127.50,63.75,63.75,0,3296
16,170.00,42.50,42.50,0,2343
16,162.27,46.36,46.36,0,2479
16,170.00,42.50,42.50,0,2343
16,200.36,36.43,36.43,-1,2083
16,170.00,42.50,42.50,0,2343
16,159.38,63.75,63.75,0,2915
17,102.00,71.40,71.40,2,4058
17,95.63,74.38,63.75,3,3931
17,97.14,72.86,72.86,2,4248
17,105.00,75.00,75.00,1,4112
17,98.08,78.46,78.46,1,4439
17,115.91,69.55,69.55,0,3677
18,105.52,70.34,70.34,2,3931
18,100.18,72.86,72.86,3,4161
18,102.00,71.40,71.40,2,4058
18,107.37,80.53,67.11,3,3772
18,109.29,72.86,72.86,1,3931
18,106.25,63.75,63.75,0,3677
19,103.59,71.72,71.72,3,4028
19,103.59,79.69,71.72,4,4028
19,100.18,72.86,72.86,3,4161
19,114.75,76.50,63.75,2,3507
19,102.00,68.00,68.00,1,3931
19,106.25,63.75,63.75,0,3677
20,104.62,71.92,71.92,4,4010
20,109.29,72.86,65.57,4,3677
20,102.00,76.50,68.00,4,3931
20,115.91,69.55,69.55,1,3677
20,111.56,63.75,63.75,1,3568
20,127.50,63.75,63.75,0,3296
21,102.98,73.56,68.65,6,3931
21,105.73,74.63,68.41,5,3856
21,117.16,68.92,62.03,3,3408
21,118.39,63.75,63.75,1,3442
21,120.79,67.11,67.11,1,3507
21,120.00,75.00,60.00,2,3296
22,102.00,74.18,64.91,7,3815
22,116.41,72.07,66.52,4,3568
22,118.06,70.83,61.39,6,3372
22,127.50,67.11,60.39,3,3195
22,119.00,68.00,59.50,2,3296
22,112.20,71.40,71.40,2,4058
23,111.95,74.63,55.98,6,3296
23,122.95,72.86,59.20,6,3225
23,120.42,67.29,60.21,6,3353
23,144.13,55.43,55.43,0,2856
23,113.33,70.83,63.75,4,3534
23,97.14,72.86,72.86,2,4248
24,176.54,39.23,39.23,-1,2237
24,136.40,65.23,53.37,3,2881
24,202.24,26.38,35.17,-5,2053
24,177.73,38.64,38.64,-3,2219
24,135.00,60.00,60.00,0,3084
24,113.33,85.00,56.67,1,3296
25,103.59,71.72,71.72,3,4028
25,97.50,75.00,67.50,4,4028
25,98.71,74.03,65.81,4,3931
25,95.63,74.38,74.38,3,4354
25,95.63,79.69,79.69,2,4566
25,98.08,78.46,78.46,1,4439
26,102.00,76.50,70.13,5,4010
26,93.29,80.85,68.41,7,4185
26,99.17,77.92,70.83,5,4112
26,103.89,75.56,66.11,3,3815
26,99.17,70.83,70.83,1,4112
26,109.29,72.86,72.86,1,3931
27,100.94,74.38,74.38,5,4198
27,96.23,76.98,67.36,8,4058
27,98.52,75.34,69.55,6,4080
27,102.00,76.50,68.00,4,3931
27,102.00,76.50,76.50,2,4248
27,111.56,79.69,79.69,1,4112
28,102.00,74.18,74.18,6,4161
28,96.97,79.01,68.24,12,4072
28,98.42,76.05,67.11,8,3988
28,108.18,77.27,69.55,4,3840
28,104.32,69.55,69.55,2,3931
28,107.37,80.53,67.11,2,4248
29,100.56,75.42,71.83,9,4112
29,97.27,78.87,70.98,15,4171
29,100.56,75.42,68.24,10,3976
29,110.27,68.92,68.92,3,3772
29,116.88,74.38,74.38,2,3815
29,102.00,76.50,76.50,2,4248
30,98.81,79.69,73.31,12,4217
30,97.25,77.80,73.47,17,4269
30,101.42,75.34,69.55,12,4003
30,119.00,68.00,62.33,4,3386
30,106.94,74.03,65.81,4,3735
30,94.44,85.00,75.56,5,4439
31,91.47,80.38,66.52,17,4161
31,85.00,81.22,74.61,48,4735
31,98.20,77.61,66.52,24,3971
31,96.28,75.46,67.65,14,4068
31,80.53,85.00,71.58,12,4777
31,81.14,81.14,69.55,3,5201
32,255.00,0.00,0.00,0,1391
32,139.94,55.98,46.65,2,2661
32,136.20,58.37,52.23,9,2841
32,111.56,71.72,59.77,8,3432
32,170.00,56.67,56.67,0,2661
32,170.00,85.00,85.00,0,3296
33,102.00,80.14,72.86,5,4112
33,96.49,75.81,68.92,5,4112
33,94.71,80.14,72.86,5,4321
33,100.18,81.96,72.86,4,4161
33,99.17,70.83,70.83,1,4112
33,98.08,78.46,78.46,1,4439
34,103.09,75.96,70.53,6,3997
34,95.63,79.69,69.06,8,4142
34,96.33,79.33,68.00,7,4080
34,100.45,77.27,69.55,4,4028
34,102.00,76.50,76.50,2,4248
34,102.00,68.00,68.00,1,3931
35,97.75,76.50,72.25,8,4207
35,96.59,77.27,69.55,10,4134
35,98.71,78.15,69.92,9,4089
35,95.63,76.50,70.13,6,4185
35,99.78,77.61,77.61,3,4354
35,99.17,70.83,70.83,1,4112
36,96.04,76.17,72.86,10,4281
36,93.95,77.84,69.79,15,4221
36,93.79,79.14,70.34,14,4248
36,97.66,75.96,70.53,6,4142
36,96.72,79.14,79.14,4,4508
36,95.63,74.38,74.38,3,4354
37,92.92,77.80,75.64,17,4492
37,92.08,79.69,72.60,24,4395
37,95.12,76.90,70.83,19,4228
37,98.71,78.15,74.03,9,4248
37,97.14,78.93,78.93,5,4486
37,89.59,82.70,82.70,5,4907
38,85.89,80.53,76.50,32,4784
38,88.11,79.82,76.71,39,4707
38,91.28,78.24,72.44,28,4414
38,93.50,76.50,73.67,13,4486
38,85.00,81.46,77.92,12,4883
38,78.06,83.27,78.06,9,5201
39,92.73,84.03,63.75,19,4010
39,77.99,83.42,79.35,71,5267
39,80.04,78.18,74.45,23,4935
39,79.22,81.70,74.27,19,4962
39,74.38,85.00,74.38,10,5201
39,76.50,89.25,76.50,4,5201
40,0.00,0.00,0.00,0,0
40,42.50,85.00,85.00,1,9011
40,74.38,85.00,74.38,5,5201
40,0.00,0.00,0.00,0,0
40,0.00,0.00,0.00,0,0
40,0.00,0.00,0.00,0,0
41,106.94,74.03,74.03,3,4028
41,92.73,77.27,69.55,5,4248
41,93.50,76.50,68.00,4,4161
41,95.63,74.38,74.38,3,4354
41,95.63,79.69,79.69,2,4566
41,98.08,78.46,78.46,1,4439
42,99.51,74.63,74.63,4,4248
42,94.88,77.09,71.16,6,4248
42,93.95,80.53,73.82,6,4384
42,100.18,81.96,72.86,4,4161
42,99.17,85.00,70.83,3,4112
42,109.29,72.86,72.86,1,3931
43,100.00,75.00,75.00,6,4248
43,97.36,78.82,69.55,9,4112
43,95.63,79.69,69.06,6,4142
43,103.59,71.72,71.72,3,4028
43,97.14,72.86,72.86,2,4248
43,111.56,79.69,79.69,1,4112
44,102.00,76.50,72.25,8,4089
44,95.20,78.20,68.00,12,4112
44,98.71,78.15,69.92,9,4089
44,106.25,77.92,70.83,5,3931
44,106.25,74.38,74.38,2,4058
44,102.00,76.50,76.50,2,4248
45,98.60,74.80,74.80,9,4281
45,95.63,78.46,68.65,17,4126
45,100.18,75.89,66.79,12,3931
45,108.38,70.13,70.13,3,3856
45,103.89,75.56,75.56,3,4161
45,99.78,77.61,77.61,3,4354
46,91.92,77.09,71.16,13,4248
46,93.56,80.72,69.71,25,4229
46,102.00,75.29,65.57,15,3840
46,115.91,69.55,63.75,4,3486
46,103.59,71.72,71.72,3,4028
46,91.07,81.96,72.86,5,4439
47,90.00,87.00,66.00,19,4185
47,82.22,83.27,77.02,46,4959
47,95.79,75.56,67.46,28,4074
47,91.69,77.36,65.90,15,4129
47,73.56,83.37,73.56,10,5201
47,71.40,81.60,71.40,5,5201
48,0.00,0.00,0.00,0,0
48,103.59,71.72,63.75,4,3735
48,114.63,70.43,57.31,66,3304
48,147.12,49.04,49.04,0,2661
48,127.50,63.75,63.75,0,3296
48,127.50,127.50,127.50,0,5201
49,102.00,71.40,71.40,2,3815
49,98.08,78.46,68.65,4,4058
49,104.32,81.14,69.55,3,3931
49,93.95,80.53,67.11,3,4112
49,109.29,72.86,72.86,1,3931
49,115.91,69.55,69.55,0,3677
50,102.00,76.50,76.50,3,4248
50,96.72,79.14,70.34,4,4161
50,102.00,81.60,71.40,4,4058
50,107.37,80.53,67.11,3,3772
50,109.29,72.86,72.86,1,3931
50,106.25,63.75,63.75,0,3677
51,102.00,72.86,72.86,3,4112
51,97.50,75.00,67.50,4,4028
51,102.00,76.50,68.00,4,3931
51,109.29,72.86,60.71,2,3507
51,119.00,68.00,68.00,1,3568
51,106.25,63.75,63.75,0,3296
52,105.73,74.63,74.63,4,4080
52,100.66,73.82,67.11,5,3931
52,106.94,74.03,65.81,4,3735
52,110.87,66.52,66.52,1,3677
52,111.56,63.75,63.75,1,3568
52,117.69,78.46,58.85,2,3296
53,99.17,75.56,70.83,7,4112
53,106.74,71.16,65.23,5,3719
53,111.15,71.92,65.38,4,3632
53,119.00,68.00,59.50,2,3296
53,127.50,63.75,63.75,0,3296
53,120.00,75.00,60.00,2,3296
54,97.14,76.90,72.86,9,4248
54,110.66,72.17,62.55,6,3544
54,115.55,67.73,59.77,6,3361
54,124.39,62.20,62.20,1,3296
54,114.31,70.34,61.55,3,3442
54,107.88,78.46,68.65,3,3815
55,109.29,78.06,62.45,8,3568
55,106.57,72.31,60.90,9,3568
55,122.30,65.05,59.85,7,3255
55,138.31,60.51,56.19,2,2938
55,114.75,76.50,63.75,6,3632
55,91.80,81.60,71.40,4,4354
56,159.38,63.75,63.75,0,2915
56,127.50,63.75,49.04,4,2856
56,206.17,27.13,32.55,-8,1905
56,171.98,47.44,41.51,-1,2310
56,127.50,70.83,56.67,2,3084
56,113.33,85.00,56.67,1,3296
57,99.17,70.83,70.83,1,4112
57,111.56,79.69,63.75,2,3568
57,102.00,85.00,68.00,3,3931
57,106.25,85.00,63.75,2,3677
57,102.00,76.50,76.50,1,4248
57,113.33,85.00,85.00,1,4248
58,102.00,76.50,76.50,2,4248
58,105.00,75.00,60.00,2,3568
58,111.56,79.69,63.75,2,3568
58,98.08,78.46,58.85,2,3677
58,115.91,69.55,69.55,0,3677
58,113.33,85.00,56.67,1,3296
59,115.91,69.55,69.55,1,3677
59,107.37,67.11,67.11,1,3772
59,113.33,70.83,70.83,1,3772
59,119.00,68.00,68.00,1,3568
59,106.25,63.75,63.75,0,3677
59,141.67,85.00,56.67,1,2915
60,116.88,74.38,74.38,2,3815
60,109.29,72.86,60.71,2,3507
60,109.29,72.86,60.71,2,3507
60,120.79,67.11,67.11,1,3507
60,109.29,72.86,54.64,2,3296
60,139.09,69.55,69.55,0,3677
61,107.88,68.65,68.65,2,3815
61,115.91,69.55,57.95,2,3296
61,112.20,71.40,61.20,3,3469
61,121.96,66.52,55.43,2,3122
61,120.00,60.00,60.00,0,3296
61,127.50,72.86,72.86,1,3568
62,115.91,69.55,69.55,1,3677
62,122.40,61.20,51.00,1,2978
62,123.64,69.55,61.82,3,3296
62,119.53,71.72,55.78,4,3169
62,127.50,63.75,63.75,0,3296
62,120.00,75.00,60.00,2,3296
63,135.00,60.00,60.00,0,3084
63,122.40,61.20,51.00,1,2978
63,170.00,48.57,48.57,0,2563
63,161.05,40.26,40.26,-1,2343
63,150.00,60.00,60.00,0,2915
63,127.50,72.86,54.64,1,3023
64,223.13,31.88,31.88,-1,1935
64,156.92,58.85,39.23,0,2343
64,191.25,42.50,42.50,-1,2237
64,200.36,36.43,36.43,-1,2083
64,162.27,46.36,46.36,0,2479
64,145.71,72.86,72.86,0,3296
65,117.69,58.85,78.46,0,3931
65,106.25,63.75,63.75,0,3677
65,106.25,63.75,63.75,0,3677
65,102.00,76.50,76.50,1,4248
65,127.50,63.75,63.75,0,3296
65,109.29,72.86,72.86,0,3931
66,117.69,58.85,78.46,0,3931
66,98.08,78.46,58.85,2,3677
66,106.25,85.00,63.75,2,3677
66,115.91,69.55,69.55,0,3677
66,113.33,85.00,56.67,1,3296
66,127.50,63.75,63.75,0,3296
67,117.69,78.46,78.46,1,3931
67,109.29,72.86,54.64,2,3296
67,117.69,78.46,58.85,2,3296
67,117.69,78.46,58.85,2,3296
67,115.91,69.55,69.55,0,3677
67,127.50,63.75,63.75,0,3296
68,127.50,72.86,72.86,1,3568
68,117.69,58.85,58.85,0,3296
68,117.69,78.46,58.85,2,3296
68,117.69,78.46,58.85,2,3296
68,115.91,69.55,69.55,0,3677
68,141.67,85.00,56.67,1,2915
69,136.00,68.00,68.00,0,3296
69,127.50,72.86,54.64,1,3023
69,127.50,70.83,56.67,2,3084
69,127.50,70.83,56.67,2,3084
69,119.00,68.00,68.00,1,3568
69,139.09,69.55,69.55,0,3296
70,127.50,63.75,63.75,0,3296
70,117.69,58.85,58.85,0,3296
70,127.50,54.64,54.64,0,3023
70,137.31,58.85,58.85,0,3023
70,139.09,46.36,46.36,0,2661
70,141.67,56.67,56.67,0,2915
71,159.38,63.75,63.75,0,2915
71,139.09,69.55,46.36,1,2661
71,170.00,56.67,56.67,0,2661
71,170.00,56.67,56.67,0,2661
71,170.00,56.67,56.67,0,2661
71,159.38,63.75,63.75,0,2915
72,159.38,31.88,63.75,-1,2915
72,145.71,36.43,36.43,0,2343
72,170.00,42.50,42.50,0,2343
72,182.14,36.43,36.43,0,2153
72,182.14,36.43,36.43,0,2153
72,170.00,42.50,42.50,0,2343
